                              	      ACO1	      ACO2	       BCO	      CRO1	      CRO2	      CRO3	        AG	       PSO
          Glass_Identification	
                   CorrectRand	    1.3080	    0.0828	    0.2645	    8.1638	    8.1638	    8.1638	    8.1638	    8.1638	
                 DaviesBouldin	    8.9353	    0.0828	    0.2899	    1.0096	    1.1710	    1.1185	    0.8280	    0.4380	
                            MX	    6.7643	    0.0828	    0.2096	   23.9334	   23.9334	   23.9334	   23.9334	   23.9334	
                          Wine	
                   CorrectRand	    3.7281	    0.0044	    0.0840	    0.4859	    2.5437	    0.1697	    0.3928	    0.0873	
                 DaviesBouldin	    4.8106	    0.0039	    0.0915	    0.2745	    0.2790	    0.2150	    0.3251	    0.0837	
                            MX	    3.2710	    0.0039	    0.1043	    1.2467	    2.3548	    1.2467	    1.2467	    1.2467	
                    Ionosphere	
                   CorrectRand	    0.7834	    0.0002	    0.0843	    0.2138	    0.3210	    0.2349	    0.2582	    0.0783	
                 DaviesBouldin	    0.0024	    0.0002	    0.0984	    0.2342	    0.2579	    0.1702	    0.2440	    0.0674	
                            MX	    2.2169	    0.0002	    0.1079	    1.6635	    1.6635	    1.6635	    1.6635	    0.1713	
                   Lung_Cancer	
                   CorrectRand	    4.3702	    1.9815	    3.1399	    3.3089	    3.3089	    3.3089	    3.3089	    3.3089	
                 DaviesBouldin	    3.9736	    1.9815	    1.8070	    2.0389	    1.4468	    2.4171	    2.8519	    1.2537	
                            MX	    4.7644	    1.9815	    2.2114	    4.1615	    4.1615	    4.1615	    4.1615	    4.1615	
                 Statlog_Heart	
                   CorrectRand	   65.1313	    0.0002	    0.0009	    0.0065	    0.0058	    0.0069	    0.0119	    0.0004	
                 DaviesBouldin	    1.0326	    0.0002	    0.0009	    0.0044	    0.0140	    0.0052	    0.0114	    0.0003	
                            MX	    0.0447	    0.3433	    0.0005	    0.0072	    0.0101	    0.0029	    0.0204	    0.0005	
                   Dermatology	
                   CorrectRand	    9.9633	    1.3620	    0.7018	    3.8799	    3.8799	    3.8799	    3.8799	    3.8799	
                 DaviesBouldin	    6.0800	    1.3620	    0.9954	    2.2083	    1.7122	    1.4792	    2.2392	    0.4917	
                            MX	    5.0751	    1.3620	    0.7579	    2.8816	    2.8816	    2.8816	    2.8816	    2.8816	
Breast_Cancer_Wisconsin_Original	
                   CorrectRand	    1.1537	    0.0003	    0.0525	    0.1278	    0.0961	    0.1756	    0.1717	    0.0299	
                 DaviesBouldin	   10.7533	    0.0004	    0.0381	    0.1199	    0.1804	    0.1341	    0.1159	    0.0471	
                            MX	    3.4947	    0.0003	    0.0440	    1.1560	    1.1560	    1.1560	    1.1560	    0.0374	
                         Ecoli	
                   CorrectRand	    0.9877	   74.5085	    0.1091	    7.5798	    7.5798	    0.9224	    0.5021	    7.5798	
                 DaviesBouldin	    2.9599	   79.5399	    0.1387	    0.4528	    0.5282	    0.4780	    0.3642	    0.1327	
                            MX	    1.6209	   79.2320	    0.1688	    2.2074	    2.2074	    2.2074	    2.2074	    2.2074	
                       Balance	
                   CorrectRand	  337.6526	    7.2878	  164.5528	  306.8512	  306.8512	  306.8512	  306.8512	  306.8512	
                 DaviesBouldin	  375.5714	    7.2878	  151.0709	  300.2703	  300.2703	  300.2703	  300.2703	  300.2703	
                            MX	  368.4834	    7.7710	  153.4992	  305.4351	  305.4351	  305.4351	  305.4351	  305.4351	

